1913-15
1918-24
1925-31
(1931) SUP.
1931,SUP.
1932-36
1937-40
1941-44
1945-47
1948-49
1950
1951
1952
1953
1954
1955
1956
1957
1958
1959
1960
(1960)
1960-61
1961
(1961)
1962
(1962)
1962-63
1963
(1963)
1964
(1964)
1964-65
1965
(1965)
1966
(1966)
1966-67
1967
(1967)
1968
(1968)
1968-69
1969
(1969)
1970
(1970)
1970-71
1971
(1971)
1972
(1972)
1973
(1973)
1974
(1974)
1975
(1975)
1976
(1976)
1977
(1977)
1978
(1978)
1979
(1979)
1980
(1980)
1981
(1981)
1982
(1982)
1983
(1983)
1984
(1984)
1985
1986
(1986)
1987
(1987)
1988
(1988)
1989
(1989)
1990
(1990)
1991
(1991)
1992
(1992)
1993
(1993)
1994
(1994)
1995
(1995)
1996
(1996)
1997
(1997)
1998
(1998)
1999
(1999)
2000
(2000)
2001
(2001)
2002
(2002)
2003
(2003)
2004
(2004)
2005
(2005)
2006
(2006)
2006+INDEX
2007
(2007)
2007+INDEX
2008
(2008)
2008+INDEX
2009
(2009)
2009+INDEX
2010
(2010)
2010+INDEX
2011
(2011)
2011+INDEX
2012
(2012)
2012 2011
2012+INDEX
2013
(2013)
2013+INDEX
2014
(2014)
2014+ INDEX
2015
(2015)
2016
(2016)
2017
(2017)
2018
960
961
962
963
964
965
966
967
968
969
970
971
972
973
974
975
976
977
978
979
980
981
982
983
984
985
985 AND INSERT
986
986 AND INSERT
987
988
989
990
991
992
993
994
995
996
997
998
999
AERO. SUP. 1929-30
INSERT(2005)
INSERT(2010)
INSERT(2013)
INSERT(2015)
QB8
